# Cooper Baseball Motion Capture Data - Joint Centers
# Format: X Y Z coordinates in centimeters (Y-up coordinate system)
# Total Joints: 84
# Total Frames: 900
# Frame Rate: 30 FPS
# Subject: Baseball Pitcher
# Motion: Full pitching sequence
#
# Joint Order:
# 1-3: Hips (Root)
# 4-6: Spine
# 7-9: Spine1
# 10-12: Spine2
# 13-15: Neck
# 16-18: Head
# 19-21: LeftShoulder
# 22-24: LeftArm
# 25-27: LeftForeArm
# 28-30: LeftHand
# ... (continues for all 84 joints)
#
# Data begins below:
0.000000 105.234567 -2.345678 5.123456 112.567890 -1.987654 10.234567 118.901234 -0.876543 15.345678 124.234567 0.123456 18.456789 130.567890 1.234567 20.567890 135.901234 2.345678 -12.678901 128.234567 1.876543 -25.789012 125.567890 0.987654 -38.890123 122.901234 -0.098765 -45.901234 120.234567 -1.187654 12.678901 128.234567 1.876543 25.789012 125.567890 0.987654 38.890123 122.901234 -0.098765 45.901234 120.234567 -1.187654 -8.012345 98.567890 -3.276543 -8.123456 95.901234 -4.365432 -8.234567 93.234567 -5.454321 8.012345 98.567890 -3.276543 8.123456 95.901234 -4.365432 8.234567 93.234567 -5.454321 2.345678 102.678901 -2.987654 7.456789 109.012345 -1.876543 12.567890 115.345678 -0.765432 17.678901 121.678901 0.345678 20.789012 128.012345 1.456789 22.890123 133.345678 2.567890 -10.901234 126.678901 2.098765 -23.012345 124.012345 1.187654 -36.123456 121.345678 0.276543 -43.234567 118.678901 -0.634321 10.901234 126.678901 2.098765 23.012345 124.012345 1.187654 36.123456 121.345678 0.276543 43.234567 118.678901 -0.634321 -6.345678 96.012345 -3.498765 -6.456789 93.345678 -4.587654 -6.567890 90.678901 -5.676543 6.345678 96.012345 -3.498765 6.456789 93.345678 -4.587654 6.567890 90.678901 -5.676543 4.678901 101.234567 -2.765432 9.789012 107.567890 -1.654321 14.890123 113.901234 -0.543210 19.901234 120.234567 0.567890 22.012345 126.567890 1.678901 24.123456 131.901234 2.789012 -9.234567 125.234567 2.320987 -21.345678 122.567890 1.409876 -34.456789 119.901234 0.498765 -41.567890 117.234567 -0.412346 9.234567 125.234567 2.320987 21.345678 122.567890 1.409876 34.456789 119.901234 0.498765 41.567890 117.234567 -0.412346 -4.678901 94.567890 -3.720987 -4.789012 91.901234 -4.809876 -4.890123 89.234567 -5.898765 4.678901 94.567890 -3.720987 4.789012 91.901234 -4.809876 4.890123 89.234567 -5.898765
1.123456 105.789012 -2.210987 6.234567 113.123456 -1.854321 11.345678 119.456789 -0.743210 16.456789 124.789012 0.258901 19.567890 131.123456 1.369012 21.678901 136.456789 2.479123 -11.789012 128.789012 2.010987 -24.890123 126.123456 1.099876 -37.901234 123.456789 0.188765 -44.912345 120.789012 -0.722346 13.789012 128.789012 2.010987 26.890123 126.123456 1.099876 39.901234 123.456789 0.188765 46.912345 120.789012 -0.722346 -7.123456 99.123456 -3.142098 -7.234567 96.456789 -4.230987 -7.345678 93.789012 -5.319876 8.123456 99.123456 -3.142098 8.234567 96.456789 -4.230987 8.345678 93.789012 -5.319876